De Lysiae 51515115 511151 11115 quanquam plurimi at-
555 11 (155115515ιί 1111 1551 15115 5 155555 Τ5ζ11515, qui Ι5115155
’155 1151515555 5555151155 5115115111, 511155511551515 disputaverunt,
155155 555 1115115 55115 1151115 551 5511555515 15151 555, 115555
5555 51111111551 551 51 155 da 1115 151155 1511155551, 5511 511 155-
1551 [15555151155551 1515 5115551515 1111511155, 51 Fr. Blassius
15 1111151 Η[115 5111155115 Β51511555114511 155 [15131155 1115 zu 1135155ῌι
[Lpz. 1553) p. 33⁴5 [115515 1151551111 ,,115 51111555 151 [11555
Frage ((15 11515155 5555 551511) 55 5555115555, (1555 5111 515115155τ
1155511511 51511 515111 515111 5115151155 15551.1ιέ 9551151 551515 555
55511555151155551 115 Ι115155 11155 1515115111155 [1555155515 115-
111151 15515155 15115, 555555 551115 afferendas 5555 511111151551,
5555 15515 1515 555 551555 [155155511551. Aa 11555 potissimum
5551 555555, 555 55511 Ὶ11155 [155155 551155 511 1155 15151155 15
Lysiae 1115 555511115 15 falsam 5511515 5555111555 5515555551
1151155155, 511515 quud proximis 55515 11155555 55515155 5551-
5155151155551 115 1151515 5155555 515115511155 15 5511115551 55115555
551, 55 quibus 5551155 [11555151115515151155115551 1511155 5511111511
5555515555.

Antequam 551515 511 15111, 1115551 aggrediar? 5115155
1115111151 5555 511111 11115151, 115555 515515111515, 55 quibua 5111151551,
qui pfltiffiflimum 1111 115511 15115 5 Taylnro 151155 1131515515 5551-
155515 5551155515555 5551551 5515151151. Atqu& Ι. Τ5ᾙ15155
55111515, qui Lyfliae orationes 1115 51111111 [Laud. 1253ss 51 055-
15111. 1741)), Ὶ15151515 5551511151515 55511155 115151515 51. 3112
-ι- 5555 «159 5. Chr* 11. 5515111 5555 1155511, Τ511511 Ὶ111551
L I. Ε51511155, 55551 [15 15515 Lysia& 5151115555] 15555555115
51111515 meritum 5555 15151 551555 5555151, 15 editionem „Ora-
151551 (1155551515 1151, Ἦ. p. 100 -155 (111115, ww) 1555511.
1315555555 551 L H. 131551155, qui Lysiae 51 ,5555111515 515-
1115555 55155155 5515 5551155515115 1151155 55111115 551511(5515.
51 11115111. 1325] 115555 111-51551 11115155 111551 5155151511.

1

 

 

