-111-

2113 singula prooemii 1151115 5 Platone 5555115115151 51 555-
’5111155151 55111511155 vituperantur, 111 11151555 51111151 55551, 51
Ρ1515 11155 51 1111111151515 1155551 115 55155555155511. Η55 1551111151
551, 5151 1151 Ἰ111111115151151 11155 55115511ιι 1), *35111155 111511 111555-
511551 (11.. 531] Ε), 115511 511 511551 5151155551 55155 511 55511551
11551551 55111155] 1111551115 15551511, 1551 5155111515 5111115 11155-
1111115 551, 111 555 115 1151151515 55511515 11511551 1151515. Ρ5115
[1151155551 11151555 1111515555] 5555, 5551115551 Η55111555155 111511-
155151 11551555115511, 515555 5555511551, [1551155115 511551 5555
1115115555] 511511 15111555 5155115, 51155] 1155155155115 1551515511511.
Denique 51 115551151115, 115111 5511555 1115111 Platani 551 55 Ly-
5155 51511551555 11555 1115515 5515151155] augeret, 5555 511111
1115-115 1111155151 5155515515 11555 15 155551 51515155155. Pla-
155511] 555 51 11111111151515111115155 5515155511] 5515 5511155 1155111555
551 dialogum 15511151555, 5511. potius 85515115 5151551 55551551
5 prompto 51 1115555511 55151555 5551111551 111555155111 511 15551-
tatem 15551111555, 15515 1551 5115155511 Η51155155551115 p. 31.
Η55 151555 1515 551555 5551551555 111151 1111155151, 515115515 51-
5551551515 555155115511115 1515511. Ρ15155551 55151 15 Ρ5551115
8155151551 1111 1551511555 11155155 55 55551511555 511551 1551511-
5515 philosophiae 51115115 15511551515 511155 1551151515 5555551555
51 11115 1551151 55551 51 515515155115 555155511555, 11515 551
quin 551511) Quamobrem Plato 51 555155511515 11511111, 115 Ly*
51551 1111111551 51515155] 151 55155511151515 55115 11555 55115155
55 11115 1115155155 55551 1151111515 55155551515 5555 551 egredi
115555, 11515 11511555115155 5111111515 111555 neglexisset, 5555555 5151
511 555511555511515 5551551155] 5151155551 51155151, 55155 argu-
51551551 11155555] 55551 115511 5511555555 115515151111 15115551
55155155111 5151 Ἐρωτικὸς [1115155. Ρ15515155 511155] 513115155-
1115] 5111115 5151115515, 11115 51115155 1111515 51111155] 11515515 1151-

¹] Eauppiufl 1. 1. [1511511151 55515155 111155 1551 Κ115551115 p. 23 1111151511
1ΙὶΞ51151 11151115 Flam 15155155 Spin} gehaht 1155511, 1115115 51· 515 Ν5511111111551·
1151 115155155555 5155151· 5155 1151551 51155 55 55551155151, 11555 51· 55511551
515 111515111155551· Κ11111151· 1151 1115155155555 1155151111, 1115 5155 auf 11515 115-
1115111 511151 Ε11551 11511515, 51515115 115155 55155 55555151155511 555555551511
55115 11515155511155 5551155, 11155 ihm 55111 Κ1111115111555115115155, 5555555155
1115 Κ55511155151 1155 115155155555 31115 1111111155 5555555555 55555.ιιι

2

