—4ss-=

3311 311 [113 3131113333 3311313 31111311 11311133. 11113 1113133 1313ἐμ
113313 1131 313133 13113311331133 1331113113 1133 11113133, 13 1131 31
33 3311133333, 311 [13113111311133333 13 (1311331133 und Forma,
33 3311111311331133 3133313313113333 33311 313111 (1131311311 saud
313 3113131. [1311 ganz verleugnet 1131 31 111333 Eigentflmlich-
11311 113311 313. 11311 11333 1111111 33311 131331 33111 11331311-
11311, 1113311311] 3313113 1333 1131133 3333131311 1113111311. Sia
31333133 5311133133 3311 1111313133 31133 wagan 11313111ἕ31 113ἡ
Effinge 33 111113 eigana 11133131 33111 3333333, 3311 1113 Τ3113,
in 113333 111333 3131113333 33111331113113133 1131131113133, 11311133
1133113111 33311 111311 11331531 33113131 3311 Η33311311 313 diff
anderssnf* 313 igitur persuasum 331113 331, [1131313 3131113
1311113333 1311313313 313113311133 331111331113 1131133 13111313111133
31131313 [13111333 31 13133111 3333 331313 3111313333] qui 1111313111
11313313 13113 311 31311333 333113 Ε1313311133331 11311113 1111313
[11333111 genere 11131333 31113313 3311313 sibi (13333111333 1113113ᾖ
31331 311111133131, 13 1133 33333331 13311313 curatoriam 33331
33333331113; 131313 1133131131 3 3133131331 3133333113 133313 33
3313311311313 3333 3331133311333 Lysiam 31 311 3111331331 333-
suetudinem 31 3311333313 3331111333] 33 1131313 1331133113331
31 11333 1113313 1313 , quud [1113133 333 1313 313133 113313313-
113333, 3311 3131113333 3331133131, 11333 apud 13111333 1131131331
31333133333, idque 13 13113, 333 113113, 31 3311313133 33133331,
333313, plurimum 13131333 311 13131313311331 dicendi 1311133331.
Confirmat 11313 11333 33311331 33313311331 1131113 313113 11133-
31313 1133113 11333 331 13 333113 3131133313 [111313331331 33111313,
3111133Π3113 3 1313311311] Hal. V, p, 525 31], R: „smmi 11313 ,311
:tamisium τὴν 3111131311 11311111εὲ311 Ἆθὴ111111111.“ 3311113113 11333
3131133331 [113133 331 33 viris qui 1331 reipublicae 1113331331
(113111 11311ῡή1133 111111 13311 π31111311311ἐ113111 Diony& 311 impugna-11-
11331 1333113333, 113331 Ρ113111113133 quidam 1313131, 33 331 3131
qui 33133 11333313131 3331131311331133 131113311333 1131113113 3333
1133131. Et 11333 11113133 313113 333 333 133113 1311333 magni
3133131111 331 311 11131131311133331 3331113111. 'Nam 33111 3131133331
[11131313 3333 113331 Lysias 11331 rempublicam 31111331333331 111-
31313 111113 3133113 1331113133] 3333311333111, 3313 13133313 A. Β.
1.,,11 442 1113 33113 putamus qui 13313 3111333311, 113 111331

 

 

