-35..

813 ’13113133 11111113. 11. 150: ,,1]1311311.33 1111313111. 313-
13333 13 31113313 333331313. Quarum 33113 3313131111 313313 1133-
33111113, 333 313333 11331 1113131311131313 3311ᾗ313113111111.“ Ex-
333313111 [13111313 1331 Ι13313133, 331111111313111 13 3111113133 331133
1313 3131113333 31313333 [1133111331. Cum 11313 13113333 1131313111
33331, 113111 11113133 11133 1133111 [13333133 3131131133 31 333 1113-
133333 33133133 111113 3 [131333333311113 11311113 3313113 33113
3313333313331, 11333 11133 133 11131133 1131313111 3111113133 33131313
3111133313 31313331331, 31 11131 31 1131 1131111331 temporum 31-
11111331 33333113311311111313113111, 133133 11333 dubitationem 1311- .
3313 3311 [1313313311 313 1133333331313133 p. 2 3113311 „Basa
31 31131· auf 1113333 Ε33111131, λ3γογ11111131113) 31311 3131 36 1131113
311 3311131133, 113113 31* 113311 113311 11331 3113313313311 2333111333
1133 ,3113113313 1113 1111311313 81313 13 113131113311333 1133 33333
131133 3113131111 1131, 113311 21331131 3113333.Η 1113331131131 mihi
113 1133 13 3311133133 1113 1113331313,

At} 1111313111 33111331, 311113 3133133313 1131333113 1333133313,
td: πράγμ3τ11 ,1131111311 qunti 331 3111111 Lysian] XII, 3 11311 1331
3131133331 33333113313 11113111 33113313 Ἱ1131 33331 131 31133331
33313 31 31313 31331ἣ3311 311. 1331333111. ΧΧΧἮΙ, 531 ’113 3113
31111311, 111131 πράγματα :mpsim-mv 3111 3131133331, 1111 ,1111111111 1111133
11111133 ὖ1333ω3, 11].λά 1111113313 33333133τώ1 ’.11111 3131311311 11111131.
Ρ13313133 3311113133 111331111113311111 111 πράγματω 1113111111, V, 153
πράγματα 1131111 1331333111. XLVI-1, 4 31 Ε131111313313111 311 11113.
ΧΗ, 3, 1113 11313 333 113113 interpretationem 33111313 1313 3333-
111313 13113 313331 113311 Lysias 11133 ξ 4 3111133313 111311 11311113,
1133 11311331 333 33 3331111133113113111 1131133 311 111 13311133 1133111-
1133111 13 133 1133311333 331 333333133 3333. Tum 33111133113113
in 111333113113113 ,113 [113133 31311333 1133313131 (133131. 11373]
p. 51 13311331313 3113133311; „Neque 113 mirum 331 quud 11113133,
11313 31] 3311 13133313111133 3113333 311, 1331311331133 1113 1113111131
11311313 3333311111 3313 11133113 3313 3333 111311, Nam 311311 331
3131133313 13 umbramus 3131131313, 311311 3133313133] 13 1313

 

Ruhnken. : 13113 ἐπὶ 1111111131 [λέγει] 1111111113 1333131333 11111 3111111133311133 3111131111,-
1ίς 311 111333311313. 3131133313. Pron. 111Ρ1133111.11, fflfflss. 11131, 1111111111-11313.
p. 355 [ἔ. 13113131. XV, Ξ, 111. 311, 41.)

